#!ascii label  , from subject tim vox2ras=TkReg
1085
88791  -16.312  -22.959  17.499 0.5555555820
88805  -17.468  -22.378  16.639 0.6666666865
89838  -17.306  -21.351  16.135 0.7777777910
89839  -17.975  -21.413  15.781 0.7777777910
91911  -17.374  -19.553  15.927 0.8888888955
91913  -18.956  -19.502  15.375 0.8888888955
87729  -15.937  -23.560  17.806 0.5555555820
88790  -15.797  -22.362  17.757 0.5555555820
88803  -16.133  -21.759  17.236 0.6666666865
89825  -16.266  -21.119  16.791 0.8888888955
90837  -17.647  -20.489  15.773 0.8888888955
91912  -18.065  -19.539  15.570 0.8888888955
93026  -18.453  -18.469  15.394 1.0000000000
91914  -20.009  -19.478  15.514 0.8888888955
94111  -19.788  -17.371  15.578 1.0000000000
89814  -15.402  -21.345  18.164 0.7777777910
91895  -15.968  -19.401  17.137 1.0000000000
92999  -15.507  -18.499  17.286 1.0000000000
93010  -16.511  -18.602  16.430 1.0000000000
94086  -16.614  -17.740  15.932 1.0000000000
94085  -16.142  -17.636  16.522 1.0000000000
94109  -17.840  -17.497  15.123 1.0000000000
95139  -16.386  -16.690  16.161 1.0000000000
95164  -17.054  -16.791  15.484 1.0000000000
94130  -18.265  -16.797  14.863 1.0000000000
95166  -19.420  -16.610  15.291 1.0000000000
95165  -17.722  -16.388  14.922 1.0000000000
95186  -18.331  -16.118  14.791 1.0000000000
95167  -19.987  -16.303  15.639 1.0000000000
97264  -19.568  -14.849  15.030 1.0000000000
95121  -14.942  -16.432  18.029 0.8888888955
94074  -15.599  -17.559  17.006 1.0000000000
96203  -16.612  -15.698  15.780 1.0000000000
95138  -15.847  -16.609  16.766 1.0000000000
97283  -17.206  -14.517  14.779 1.0000000000
96226  -18.629  -15.303  14.704 1.0000000000
97285  -19.198  -14.316  14.680 1.0000000000
97265  -20.037  -14.390  15.208 1.0000000000
97238  -20.536  -14.649  15.826 0.8888888955
98357  -20.547  -13.644  15.852 1.0000000000
98358  -21.123  -13.510  16.488 0.7777777910
96161  -14.676  -15.210  18.442 0.5555555820
98333  -15.117  -13.498  17.637 0.7777777910
97218  -14.867  -14.352  17.908 0.8888888955
97262  -16.143  -14.557  15.960 1.0000000000
97263  -16.763  -14.911  15.401 1.0000000000
98378  -15.823  -13.468  16.259 0.8888888955
98379  -16.275  -13.469  15.557 1.0000000000
98396  -16.800  -13.447  14.889 1.0000000000
98399  -19.323  -13.144  14.587 1.0000000000
98380  -20.169  -13.212  15.170 0.8888888955
98400  -19.823  -12.919  14.789 1.0000000000
99477  -20.721  -12.383  15.565 0.8888888955
99456  -22.238  -12.334  16.996 0.7777777910
98335  -23.558  -13.415  17.679 0.6666666865
99431  -23.035  -12.374  17.458 0.6666666865
98313  -14.130  -13.311  19.236 0.4444444478
98314  -14.414  -13.431  18.628 0.7777777910
99407  -14.240  -12.558  18.774 0.6666666865
100511  -15.563  -11.688  16.951 0.7777777910
99453  -15.726  -12.597  16.670 0.8888888955
99476  -16.552  -12.560  15.299 0.8888888955
98397  -17.636  -13.444  14.578 1.0000000000
100558  -16.819  -11.612  15.101 1.0000000000
99495  -18.049  -12.447  14.611 1.0000000000
99497  -19.573  -12.279  14.708 1.0000000000
100577  -20.015  -11.487  14.590 0.8888888955
99478  -21.179  -11.795  15.801 0.7777777910
100537  -21.956  -11.341  16.617 0.7777777910
99432  -23.873  -12.503  17.851 0.5555555820
100538  -22.622  -11.369  17.112 0.7777777910
100517  -24.231  -11.532  17.878 0.6666666865
101553  -14.148  -10.702  18.336 0.6666666865
100489  -13.849  -11.598  18.804 0.6666666865
100510  -15.086  -11.730  17.625 0.7777777910
101571  -14.707  -10.813  17.721 0.7777777910
100536  -15.929  -11.751  16.257 0.8888888955
101611  -16.058  -11.214  15.905 1.0000000000
101623  -17.104  -10.649  14.863 1.0000000000
101624  -17.974  -10.567  14.625 1.0000000000
100576  -19.252  -11.451  14.565 0.8888888955
101627  -20.410  -10.585  15.000 0.8888888955
101614  -21.391  -10.352  15.914 0.8888888955
100560  -21.460  -11.234  16.065 0.7777777910
102616  -20.017  -9.639  14.802 0.8888888955
102590  -21.690  -9.831  16.204 0.7777777910
102567  -22.606  -9.831  16.936 0.7777777910
101578  -23.675  -10.392  17.536 0.7777777910
100518  -25.213  -11.703  18.227 0.6666666865
101552  -13.566  -10.540  19.064 0.6666666865
100477  -13.196  -11.424  19.377 0.5555555820
101572  -15.174  -10.785  17.074 0.8888888955
101596  -15.772  -10.687  16.279 0.8888888955
102599  -16.461  -9.572  15.671 1.0000000000
101612  -16.406  -10.684  15.540 1.0000000000
102615  -19.292  -9.619  14.424 1.0000000000
101626  -19.692  -10.554  14.466 0.8888888955
102591  -22.234  -9.312  16.499 0.7777777910
102592  -22.736  -8.758  16.744 0.7777777910
102570  -24.922  -9.437  17.984 0.6666666865
101558  -26.452  -10.564  18.313 0.5555555820
100497  -26.933  -11.193  17.925 0.5555555820
102538  -13.939  -9.612  18.569 0.7777777910
102537  -13.436  -9.488  19.431 0.6666666865
102562  -14.962  -10.051  17.326 0.8888888955
102589  -16.036  -9.592  16.194 1.0000000000
102600  -16.863  -9.203  15.201 1.0000000000
103633  -19.686  -8.771  14.743 0.8888888955
103621  -20.904  -8.409  15.578 0.8888888955
102602  -21.423  -9.333  15.914 0.8888888955
103609  -23.008  -8.373  16.895 0.7777777910
103588  -23.587  -8.215  17.270 0.7777777910
103589  -24.443  -8.385  17.674 0.7777777910
102544  -25.838  -9.511  18.323 0.5555555820
104711  -22.459  -7.395  16.694 0.7777777910
103590  -25.277  -8.462  18.077 0.5555555820
102546  -27.636  -9.313  18.211 0.5555555820
104691  -24.792  -7.550  17.851 0.6666666865
103546  -12.105  -8.423  19.908 0.4444444478
103560  -14.206  -8.615  17.960 0.7777777910
103605  -15.162  -8.619  16.828 1.0000000000
103583  -14.674  -8.647  17.295 0.8888888955
103618  -16.192  -7.965  15.922 1.0000000000
103620  -17.312  -8.556  15.131 0.8888888955
104732  -18.609  -7.820  14.653 0.8888888955
104733  -19.413  -7.923  14.630 0.8888888955
104734  -20.202  -7.921  14.924 0.8888888955
104724  -22.107  -7.826  16.304 0.8888888955
104690  -24.114  -7.482  17.536 0.6666666865
103568  -27.166  -8.487  18.468 0.5555555820
105670  -14.602  -6.679  18.059 0.6666666865
104659  -13.554  -7.614  19.046 0.6666666865
104685  -15.253  -7.024  17.165 0.7777777910
105720  -17.530  -7.118  15.141 0.8888888955
105708  -16.173  -6.725  15.780 0.7777777910
105710  -17.637  -6.516  15.192 0.7777777910
105721  -18.217  -6.905  14.736 0.8888888955
106673  -19.367  -5.860  14.946 0.7777777910
105723  -19.747  -7.387  14.747 0.8888888955
105696  -21.635  -6.685  16.353 0.7777777910
105713  -20.918  -6.721  15.862 0.7777777910
105698  -22.649  -7.066  17.007 0.6666666865
106658  -22.307  -5.880  16.986 0.6666666865
105674  -22.595  -6.276  17.106 0.6666666865
105676  -23.966  -6.573  17.668 0.6666666865
104689  -23.506  -7.284  17.342 0.5555555820
107597  -24.382  -4.831  18.273 0.6666666865
106634  -24.082  -5.668  17.946 0.5555555820
105656  -25.993  -6.567  18.761 0.5555555820
104668  -26.595  -7.530  18.655 0.4444444478
106615  -25.596  -5.593  18.568 0.5555555820
107610  -15.810  -4.875  17.971 0.3333333433
106609  -15.310  -5.162  18.255 0.3333333433
106631  -15.346  -5.610  17.554 0.5555555820
106630  -15.118  -6.173  18.049 0.6666666865
107631  -15.887  -4.886  17.123 0.5555555820
106653  -15.813  -5.549  16.299 0.7777777910
106671  -17.318  -5.880  15.540 0.7777777910
107655  -19.552  -5.119  15.709 0.6666666865
107654  -18.602  -5.276  15.618 0.6666666865
106656  -21.089  -5.543  16.311 0.6666666865
107638  -21.924  -5.330  16.920 0.6666666865
107613  -22.980  -4.992  17.608 0.6666666865
107614  -23.733  -4.950  17.830 0.6666666865
107598  -25.197  -4.678  18.629 0.5555555820
107599  -26.196  -4.580  18.783 0.5555555820
107611  -16.450  -4.535  17.563 0.4444444478
107595  -15.416  -4.715  18.833 0.4444444478
108573  -17.062  -4.423  17.276 0.5555555820
107632  -16.731  -4.701  16.698 0.5555555820
107633  -17.754  -4.847  16.205 0.6666666865
107635  -19.819  -4.473  16.095 0.6666666865
107656  -20.151  -4.978  15.842 0.6666666865
108596  -21.790  -4.501  17.024 0.6666666865
108577  -22.465  -3.849  17.444 0.6666666865
108561  -24.608  -3.718  18.730 0.6666666865
108562  -25.752  -3.602  18.857 0.5555555820
108574  -17.667  -4.015  17.521 0.4444444478
108593  -19.401  -3.780  16.537 0.6666666865
107634  -18.922  -4.564  16.203 0.6666666865
108594  -20.216  -3.908  16.488 0.6666666865
107636  -20.596  -4.814  16.275 0.6666666865
108595  -20.997  -3.995  16.746 0.6666666865
108560  -23.702  -3.418  18.425 0.6666666865
90836  -17.069  -20.388  16.186 0.8888888955
90825  -15.855  -20.307  17.212 1.0000000000
91896  -16.398  -19.433  16.766 1.0000000000
93024  -16.988  -18.675  15.936 1.0000000000
93027  -19.401  -18.406  15.530 1.0000000000
99393  -13.740  -12.375  19.357 0.5555555820
103529  -11.761  -7.932  20.216 0.5555555820
102561  -14.498  -9.688  17.758 0.7777777910
103619  -16.554  -8.487  15.649 1.0000000000
103622  -21.670  -8.378  16.055 0.8888888955
105677  -24.429  -7.028  17.757 0.6666666865
106672  -18.239  -5.989  15.129 0.7777777910
108591  -17.474  -4.501  16.972 0.6666666865
108592  -18.459  -3.926  16.991 0.6666666865
101541  -12.769  -10.293  19.708 0.4444444478
108564  -27.741  -3.488  18.619 0.5555555820
107601  -28.323  -4.425  18.592 0.5555555820
107596  -16.298  -4.372  18.405 0.2222222239
108556  -16.978  -4.068  17.926 0.3333333433
108563  -26.785  -3.532  18.717 0.5555555820
86665  -17.283  -24.670  17.290 0.5555555820
86678  -17.937  -24.555  16.961 0.5555555820
87745  -17.174  -22.945  17.116 0.6666666865
88818  -18.297  -22.399  16.177 0.5555555820
90839  -19.418  -20.545  15.482 0.7777777910
90840  -20.514  -20.585  15.508 0.8888888955
86663  -16.201  -24.492  17.789 0.5555555820
89840  -18.821  -21.516  15.645 0.6666666865
90838  -18.449  -20.523  15.532 0.8888888955
91915  -21.288  -19.440  15.722 0.7777777910
93028  -20.430  -18.382  15.674 0.8888888955
86650  -15.545  -24.485  18.418 0.4444444478
88777  -15.135  -22.245  18.804 0.5555555820
90804  -14.889  -20.472  18.807 0.2222222239
91871  -15.344  -19.803  18.141 0.6666666865
95168  -20.682  -16.190  16.121 0.8888888955
96179  -20.842  -15.336  16.172 0.6666666865
97239  -20.956  -14.479  16.349 0.7777777910
97240  -21.599  -14.393  16.921 0.6666666865
92988  -14.820  -18.553  18.468 0.5555555820
97220  -23.252  -14.268  17.524 0.6666666865
95108  -14.495  -16.480  18.713 0.4444444478
99434  -25.750  -12.837  17.763 0.5555555820
97181  -13.555  -14.455  20.019 0.2222222239
99392  -13.046  -12.253  19.777 0.4444444478
100519  -26.315  -11.732  17.982 0.5555555820
100461  -12.343  -11.304  20.375 0.3333333433
100498  -27.241  -11.081  17.732 0.5555555820
102526  -12.674  -9.258  19.882 0.4444444478
101583  -28.421  -10.232  16.791 0.4444444478
103528  -11.252  -8.252  20.521 0.3333333433
102547  -28.272  -9.261  18.006 0.5555555820
104669  -27.660  -7.519  18.583 0.4444444478
106591  -14.425  -5.274  19.423 0.3333333433
106590  -13.783  -5.716  19.605 0.3333333433
106607  -14.044  -6.196  19.076 0.4444444478
105657  -27.126  -6.543  18.921 0.4444444478
106618  -28.643  -5.513  18.468 0.4444444478
107615  -28.905  -4.043  17.981 0.2222222239
109550  -20.488  -3.430  16.757 0.6666666865
108576  -21.593  -3.538  17.074 0.6666666865
109513  -22.441  -2.612  18.032 0.6666666865
109514  -23.249  -2.479  18.502 0.6666666865
109515  -24.215  -2.475  18.760 0.6666666865
109516  -25.285  -2.511  18.970 0.6666666865
109517  -26.396  -2.496  18.876 0.4444444478
108565  -28.504  -3.358  18.181 0.3333333433
109548  -19.184  -2.991  17.033 0.5555555820
88804  -16.652  -22.323  17.152 0.6666666865
87730  -16.763  -23.577  17.426 0.5555555820
87746  -17.578  -23.588  17.057 0.6666666865
88806  -17.988  -22.963  16.657 0.6666666865
89826  -16.884  -21.643  16.585 0.7777777910
88817  -17.748  -21.890  16.181 0.7777777910
89837  -16.760  -20.989  16.364 0.8888888955
91910  -16.859  -19.509  16.374 1.0000000000
86664  -16.765  -24.602  17.516 0.5555555820
87715  -15.375  -23.359  18.616 0.4444444478
89824  -15.728  -21.245  17.368 0.8888888955
90835  -16.581  -20.288  16.552 0.8888888955
93025  -17.641  -18.612  15.579 1.0000000000
94110  -18.841  -17.242  15.190 1.0000000000
89803  -14.829  -21.301  18.862 0.5555555820
90805  -15.194  -20.481  18.462 0.6666666865
90816  -15.522  -20.439  17.791 0.8888888955
90826  -16.199  -20.132  16.861 1.0000000000
91884  -15.545  -19.431  17.646 0.8888888955
93009  -16.004  -18.542  16.849 1.0000000000
92998  -15.018  -18.470  17.780 0.8888888955
94073  -15.107  -17.500  17.549 1.0000000000
94108  -17.182  -17.882  15.549 1.0000000000
96178  -15.973  -15.676  16.345 1.0000000000
94131  -18.597  -16.588  14.919 1.0000000000
95187  -18.941  -16.167  14.987 1.0000000000
96225  -17.832  -15.419  14.646 1.0000000000
96204  -17.214  -15.614  15.179 1.0000000000
96205  -19.776  -15.365  15.282 1.0000000000
96206  -20.314  -15.375  15.680 0.8888888955
94064  -14.693  -17.533  18.204 0.6666666865
95122  -15.423  -16.513  17.406 1.0000000000
96177  -15.556  -15.585  17.027 1.0000000000
96162  -15.175  -15.406  17.725 0.8888888955
97237  -15.712  -14.880  16.639 1.0000000000
97282  -16.549  -14.197  15.226 1.0000000000
97284  -18.167  -14.409  14.476 1.0000000000
98398  -18.549  -13.353  14.488 1.0000000000
97286  -19.742  -13.606  14.828 1.0000000000
99454  -20.866  -12.948  16.105 0.8888888955
98359  -21.811  -13.332  17.053 0.7777777910
98334  -22.693  -13.315  17.392 0.6666666865
96143  -14.253  -15.465  19.166 0.5555555820
97200  -14.306  -14.321  19.000 0.6666666865
97217  -14.521  -14.147  18.376 0.6666666865
98332  -14.717  -13.475  18.137 0.7777777910
99408  -14.596  -12.797  18.367 0.6666666865
99430  -15.372  -12.609  17.384 0.8888888955
98356  -15.477  -13.459  16.985 0.8888888955
97261  -15.635  -14.159  16.596 1.0000000000
99496  -18.875  -12.362  14.631 1.0000000000
99498  -20.140  -12.317  14.949 0.8888888955
99455  -21.408  -12.355  16.321 0.8888888955
98336  -24.453  -13.620  17.895 0.5555555820
98297  -13.617  -13.222  19.903 0.3333333433
97199  -13.890  -14.016  19.510 0.3333333433
100490  -14.486  -11.851  18.213 0.6666666865
99494  -17.214  -12.508  14.826 1.0000000000
100574  -17.598  -11.544  14.769 1.0000000000
100559  -20.947  -11.162  15.531 0.7777777910
101599  -22.347  -10.428  16.789 0.7777777910
102568  -23.039  -9.280  17.158 0.7777777910
101579  -24.590  -10.486  17.894 0.6666666865
100476  -12.555  -11.345  19.844 0.4444444478
102588  -15.407  -9.651  16.746 0.8888888955
102613  -17.470  -9.577  14.802 1.0000000000
102614  -18.424  -9.606  14.528 0.8888888955
102603  -21.877  -8.845  16.191 0.7777777910
102571  -27.403  -10.020  18.013 0.5555555820
101581  -27.498  -10.691  17.638 0.5555555820
103559  -13.707  -8.574  18.793 0.6666666865
102587  -14.859  -9.342  17.118 0.8888888955
103631  -18.106  -8.674  14.818 1.0000000000
103634  -20.292  -8.839  15.072 0.8888888955
103608  -22.560  -8.210  16.588 0.8888888955
104723  -21.432  -7.516  16.063 0.8888888955
103547  -13.212  -8.510  19.654 0.5555555820
104708  -14.974  -8.080  17.043 0.7777777910
104660  -14.079  -7.606  18.265 0.7777777910
104721  -17.124  -7.690  15.410 0.8888888955
104719  -15.920  -7.451  16.056 0.7777777910
103569  -28.064  -8.469  18.261 0.5555555820
105647  -13.517  -6.723  19.342 0.5555555820
105648  -14.006  -6.696  18.659 0.5555555820
105695  -15.380  -6.446  16.858 0.6666666865
104684  -14.741  -7.570  17.442 0.7777777910
104644  -13.073  -7.642  19.858 0.6666666865
106669  -15.946  -6.181  15.892 0.7777777910
104709  -15.428  -7.526  16.756 0.7777777910
105712  -20.065  -6.793  15.073 0.7777777910
106675  -21.192  -6.127  16.191 0.6666666865
105697  -22.328  -6.633  16.803 0.6666666865
106633  -23.423  -5.798  17.572 0.6666666865
105654  -24.380  -6.123  18.039 0.5555555820
105655  -24.904  -6.571  18.154 0.5555555820
106616  -26.620  -5.541  18.909 0.4444444478
107600  -27.240  -4.499  18.823 0.5555555820
106608  -14.710  -5.690  18.695 0.4444444478
106654  -16.833  -5.262  15.892 0.6666666865
107653  -17.850  -5.437  15.640 0.7777777910
108578  -23.317  -4.141  17.916 0.6666666865
108590  -17.070  -4.567  16.955 0.5555555820
108559  -23.014  -3.316  18.084 0.6666666865
104643  -12.320  -7.561  20.228 0.3333333433
101540  -12.112  -10.437  20.050 0.4444444478
107602  -28.983  -4.768  18.150 0.3333333433
109518  -27.344  -2.520  18.487 0.3333333433
87731  -17.133  -24.124  17.342 0.5555555820
85591  -16.382  -25.071  17.734 0.5555555820
94112  -20.708  -17.298  15.966 0.7777777910
96180  -21.442  -15.319  16.642 0.6666666865
97182  -14.043  -14.751  19.556 0.3333333433
96120  -13.510  -15.500  20.339 0.1111111119
98281  -13.167  -13.557  20.503 0.1111111119
102525  -11.880  -9.440  19.860 0.3333333433
105631  -13.119  -6.753  20.247 0.3333333433
110490  -25.939  -1.413  19.051 0.4444444478
86693  -20.993  -24.942  15.923 0.4444444478
85578  -22.826  -25.055  18.266 0.2222222239
85605  -18.215  -25.393  17.016 0.4444444478
85606  -18.882  -25.342  16.772 0.4444444478
86679  -18.613  -24.580  16.648 0.4444444478
87748  -18.904  -24.082  16.293 0.4444444478
86692  -20.238  -24.683  15.830 0.4444444478
87763  -21.077  -24.039  15.861 0.4444444478
87732  -22.968  -23.523  17.257 0.2222222239
87760  -18.800  -23.002  16.097 0.4444444478
87762  -20.286  -23.690  15.592 0.4444444478
88793  -23.374  -22.696  17.334 0.1111111119
88794  -23.945  -22.383  17.702 0.1111111119
88820  -20.109  -22.668  15.483 0.4444444478
88822  -22.188  -22.489  15.827 0.3333333433
88819  -19.155  -22.475  15.741 0.4444444478
88821  -21.333  -22.857  15.695 0.3333333433
89827  -22.651  -22.052  15.913 0.3333333433
89815  -23.464  -22.160  16.870 0.2222222239
89842  -20.914  -21.703  15.448 0.4444444478
89843  -22.009  -21.735  15.713 0.3333333433
89841  -19.808  -21.594  15.506 0.4444444478
90827  -23.120  -20.798  15.949 0.2222222239
90828  -23.777  -20.630  16.327 0.1111111119
91885  -24.536  -19.950  16.995 0.1111111119
90842  -22.467  -20.857  15.760 0.3333333433
91917  -22.785  -20.375  15.946 0.3333333433
91897  -21.720  -18.813  15.968 0.5555555820
93011  -21.943  -18.341  16.288 0.6666666865
93013  -23.700  -18.630  16.369 0.4444444478
94113  -21.491  -17.658  16.284 0.6666666865
94090  -24.119  -17.699  16.482 0.3333333433
95142  -22.805  -16.567  16.856 0.5555555820
94087  -21.340  -16.820  16.421 0.6666666865
95141  -21.882  -16.265  16.714 0.5555555820
95143  -23.759  -16.732  16.661 0.4444444478
96182  -23.346  -15.820  17.135 0.3333333433
95140  -21.234  -15.989  16.414 0.5555555820
96165  -24.249  -15.150  17.398 0.4444444478
97221  -24.120  -14.477  17.672 0.5555555820
96164  -23.740  -15.143  17.469 0.4444444478
109533  -20.771  -2.765  17.119 0.5555555820
109534  -21.749  -2.667  17.452 0.5555555820
110487  -22.647  -1.536  18.425 0.5555555820
110488  -23.686  -1.393  18.837 0.5555555820
110478  -24.219  -0.891  18.993 0.5555555820
85608  -20.278  -25.495  16.256 0.4444444478
86666  -22.778  -24.420  17.558 0.2222222239
88809  -23.188  -22.495  16.686 0.2222222239
89829  -23.827  -21.165  16.721 0.2222222239
91899  -23.152  -19.732  16.151 0.4444444478
91916  -22.253  -20.087  16.009 0.4444444478
94089  -23.248  -17.617  16.593 0.4444444478
96183  -24.370  -15.778  16.911 0.3333333433
97222  -24.789  -14.443  17.470 0.4444444478
99435  -26.437  -12.839  17.089 0.4444444478
110506  -21.212  -1.659  17.500 0.5555555820
111428  -21.547  -1.037  17.636 0.5555555820
93014  -24.428  -18.550  16.491 0.2222222239
110489  -24.750  -1.302  19.032 0.5555555820
83323  -19.182  -26.807  16.785 0.4444444478
84453  -19.726  -26.211  16.676 0.4444444478
84441  -20.833  -26.613  17.126 0.4444444478
85595  -22.105  -25.527  17.561 0.2222222239
85563  -22.945  -25.511  18.853 0.2222222239
85593  -17.509  -25.504  17.233 0.4444444478
83322  -18.780  -26.539  16.872 0.4444444478
87733  -23.330  -23.635  17.866 0.1111111119
88778  -23.719  -22.903  17.957 0.1111111119
85579  -23.227  -25.023  18.740 0.1111111119
88780  -24.789  -22.253  18.721 0.1111111119
90806  -24.433  -21.300  17.687 0.1111111119
90807  -24.971  -20.540  18.074 0.1111111119
91886  -24.855  -19.478  17.151 0.1111111119
91901  -24.643  -19.045  16.652 0.1111111119
93015  -24.889  -18.534  16.715 0.2222222239
95144  -24.637  -16.805  16.377 0.1111111119
96184  -25.287  -16.009  16.172 0.2222222239
97242  -25.185  -15.054  16.809 0.3333333433
98338  -25.864  -13.559  17.002 0.4444444478
99457  -26.517  -12.745  15.980 0.3333333433
100539  -27.030  -12.130  16.147 0.3333333433
105630  -12.307  -6.968  20.574 0.4444444478
102573  -28.493  -9.613  17.302 0.4444444478
105659  -29.060  -6.414  18.247 0.3333333433
109532  -19.800  -2.365  17.414 0.5555555820
110507  -21.921  -1.658  17.831 0.5555555820
111413  -23.021  -0.508  18.696 0.5555555820
110505  -20.305  -1.470  17.523 0.5555555820
93029  -21.305  -18.308  15.904 0.6666666865
96181  -22.321  -15.406  17.102 0.5555555820
96163  -22.997  -15.012  17.426 0.4444444478
100520  -27.213  -11.713  17.073 0.4444444478
87747  -18.430  -23.588  16.483 0.4444444478
90841  -21.601  -20.732  15.641 0.3333333433
85619  -20.559  -25.114  16.003 0.4444444478
86683  -22.098  -24.942  16.869 0.4444444478
85610  -21.790  -25.450  17.021 0.3333333433
86682  -21.671  -24.498  16.281 0.4444444478
85609  -21.243  -25.555  16.615 0.4444444478
86651  -23.042  -24.499  18.099 0.1111111119
84440  -17.872  -26.333  17.144 0.4444444478
84451  -18.543  -26.131  17.033 0.4444444478
84452  -19.100  -26.061  16.871 0.4444444478
85607  -19.492  -25.463  16.463 0.4444444478
86680  -19.356  -24.609  16.221 0.4444444478
86691  -19.734  -24.174  15.732 0.4444444478
87750  -22.524  -23.867  16.642 0.4444444478
87749  -21.935  -23.527  16.029 0.4444444478
88807  -22.078  -22.940  15.871 0.4444444478
88792  -22.916  -23.055  16.836 0.2222222239
89804  -24.299  -21.954  17.801 0.1111111119
88763  -24.538  -22.771  18.918 0.1111111119
89844  -22.770  -21.442  15.853 0.3333333433
89828  -23.337  -21.719  16.337 0.2222222239
89816  -23.888  -21.745  17.182 0.2222222239
91900  -24.285  -19.609  16.487 0.1111111119
90817  -24.299  -20.620  17.094 0.1111111119
90818  -24.661  -20.129  17.325 0.1111111119
91898  -22.203  -19.170  16.127 0.4444444478
93012  -22.764  -18.515  16.447 0.4444444478
94091  -24.783  -17.687  16.469 0.1111111119
94088  -22.206  -17.426  16.620 0.5555555820
98360  -25.589  -14.330  16.414 0.4444444478
84455  -21.016  -26.232  16.925 0.4444444478
111427  -20.937  -0.431  17.600 0.5555555820
83324  -19.924  -27.170  16.836 0.4444444478
84442  -21.405  -26.290  17.408 0.4444444478
84426  -21.735  -26.563  18.079 0.2222222239
85594  -21.641  -25.712  17.138 0.4444444478
84439  -17.131  -26.474  17.427 0.4444444478
87716  -23.785  -23.350  18.428 0.1111111119
86652  -23.453  -24.321  18.528 0.1111111119
89805  -24.694  -21.704  18.247 0.1111111119
75123  -21.079  -34.247  21.055 0.1111111119
77537  -17.744  -32.369  18.579 0.3333333433
77526  -20.190  -32.621  19.569 0.2222222239
76328  -20.622  -33.500  20.294 0.2222222239
76329  -21.236  -33.494  20.849 0.1111111119
77512  -21.549  -32.434  20.699 0.1111111119
79848  -16.029  -30.408  18.702 0.3333333433
78679  -16.417  -31.302  18.628 0.3333333433
79851  -18.770  -30.671  17.962 0.3333333433
78683  -19.899  -30.799  18.828 0.3333333433
78657  -20.696  -32.021  19.886 0.2222222239
78658  -21.122  -31.712  20.138 0.2222222239
82151  -15.301  -28.547  19.231 0.2222222239
82164  -16.053  -28.472  18.742 0.2222222239
81032  -15.668  -29.473  18.992 0.2222222239
79849  -16.852  -30.426  18.364 0.3333333433
78681  -18.235  -31.478  18.281 0.3333333433
78669  -20.969  -30.932  19.707 0.1111111119
84406  -15.701  -27.067  18.885 0.2222222239
83298  -16.311  -27.514  18.359 0.3333333433
82165  -16.663  -28.344  18.154 0.3333333433
83299  -16.859  -27.432  17.736 0.3333333433
82174  -17.249  -28.278  17.637 0.3333333433
81045  -17.112  -28.955  18.122 0.3333333433
81047  -18.432  -29.137  17.542 0.3333333433
81048  -19.373  -29.411  17.614 0.3333333433
81036  -20.246  -29.427  18.299 0.3333333433
81049  -20.025  -28.978  17.487 0.3333333433
81023  -21.075  -29.418  19.044 0.1111111119
84423  -15.306  -26.267  18.913 0.2222222239
84424  -15.905  -26.696  18.553 0.2222222239
85577  -16.258  -26.108  18.058 0.3333333433
83309  -17.556  -27.329  17.318 0.3333333433
82175  -18.010  -28.260  17.343 0.3333333433
83311  -19.306  -27.651  16.858 0.3333333433
82177  -19.733  -28.426  17.041 0.3333333433
83312  -19.783  -27.828  16.790 0.3333333433
82166  -20.731  -28.548  18.279 0.3333333433
82167  -21.333  -28.425  18.736 0.1111111119
85575  -14.939  -25.536  18.980 0.3333333433
85576  -15.868  -25.542  18.193 0.3333333433
85592  -16.682  -25.588  17.591 0.3333333433
83310  -18.452  -27.192  16.914 0.3333333433
82186  -20.399  -27.540  17.075 0.3333333433
83325  -20.452  -26.967  17.100 0.3333333433
83314  -21.415  -27.064  17.893 0.3333333433
98381  -25.711  -14.457  15.597 0.2222222239
98361  -25.908  -13.603  16.147 0.2222222239
101582  -28.019  -10.760  17.055 0.3333333433
100521  -27.693  -11.360  16.650 0.2222222239
77538  -18.539  -32.290  18.625 0.3333333433
77525  -19.614  -32.588  19.152 0.3333333433
77511  -20.683  -32.616  20.113 0.2222222239
83282  -15.685  -27.561  18.923 0.3333333433
81033  -16.503  -29.399  18.458 0.3333333433
79864  -18.584  -29.900  17.713 0.3333333433
79865  -19.077  -30.092  17.805 0.3333333433
79852  -19.538  -30.243  18.219 0.3333333433
81022  -20.578  -29.688  18.849 0.3333333433
84425  -16.524  -26.632  17.933 0.3333333433
83300  -21.051  -27.793  18.116 0.3333333433
75122  -20.489  -34.366  20.492 0.1111111119
75105  -21.012  -34.886  21.207 0.1111111119
77536  -16.685  -32.351  18.804 0.3333333433
76353  -17.358  -33.260  18.790 0.3333333433
76354  -18.436  -33.364  18.819 0.3333333433
76341  -19.167  -33.531  19.218 0.3333333433
76342  -20.100  -33.509  19.703 0.3333333433
75106  -21.739  -34.306  21.434 0.1111111119
76314  -21.898  -33.598  21.272 0.1111111119
77495  -22.021  -32.969  21.148 0.1111111119
78659  -22.180  -31.537  20.772 0.1111111119
83281  -15.074  -27.678  19.474 0.2222222239
79839  -21.862  -30.193  20.002 0.1111111119
82152  -21.805  -28.833  19.297 0.1111111119
84405  -15.485  -26.972  19.133 0.2222222239
82153  -22.592  -28.608  19.776 0.1111111119
101601  -28.208  -10.758  16.143 0.2222222239
101616  -27.802  -10.740  15.064 0.2222222239
91870  -15.005  -19.552  18.691 0.5555555820
99480  -26.791  -12.011  15.240 0.2222222239
78680  -17.282  -31.374  18.456 0.3333333433
76355  -19.076  -33.040  18.953 0.3333333433
77539  -19.008  -32.598  18.791 0.3333333433
78678  -15.711  -31.326  18.911 0.2222222239
77535  -16.091  -31.863  18.796 0.3333333433
78682  -19.295  -31.612  18.672 0.3333333433
79850  -17.801  -30.341  17.907 0.3333333433
78668  -20.273  -31.722  19.415 0.2222222239
79837  -20.496  -30.263  19.122 0.2222222239
81034  -17.160  -29.672  18.075 0.3333333433
79827  -21.670  -30.807  20.107 0.1111111119
79838  -21.352  -30.198  19.623 0.1111111119
81046  -17.700  -29.180  17.790 0.3333333433
81035  -19.719  -29.708  18.017 0.3333333433
82176  -18.871  -28.361  17.189 0.3333333433
82178  -20.434  -28.272  17.517 0.3333333433
81024  -21.973  -29.550  19.779 0.1111111119
84422  -14.974  -26.141  19.218 0.2222222239
83301  -21.796  -27.266  18.659 0.1111111119
73985  -19.884  -35.381  20.522 0.1111111119
75139  -19.991  -34.237  19.950 0.2222222239
77524  -16.289  -32.867  19.115 0.2222222239
75137  -18.727  -34.139  19.207 0.3333333433
76340  -18.770  -33.683  19.086 0.3333333433
79836  -15.263  -30.459  19.184 0.2222222239
98382  -26.113  -13.945  15.120 0.1111111119
98411  -26.900  -13.797  13.553 0.1111111119
98401  -26.211  -13.819  14.274 0.1111111119
100579  -26.465  -12.664  13.485 0.1111111119
99520  -26.966  -12.886  12.813 0.1111111119
100540  -27.477  -11.639  15.877 0.1111111119
100601  -27.059  -12.438  12.574 0.1111111119
100562  -26.945  -11.613  14.610 0.1111111119
100592  -26.924  -11.906  12.685 0.1111111119
103591  -29.212  -8.706  17.032 0.2222222239
100563  -27.436  -11.249  15.305 0.1111111119
101628  -27.372  -11.324  13.469 0.1111111119
104713  -29.830  -7.482  16.346 0.1111111119
104693  -29.441  -7.476  17.290 0.2222222239
105699  -29.882  -6.493  16.741 0.1111111119
103611  -29.549  -8.570  16.022 0.1111111119
104725  -29.946  -7.587  15.318 0.1111111119
109549  -19.961  -3.131  16.782 0.4444444478
106619  -29.320  -5.486  17.909 0.1111111119
109531  -19.212  -2.395  17.776 0.4444444478
106659  -29.955  -5.544  16.074 0.1111111119
110491  -27.004  -1.398  18.426 0.3333333433
110492  -27.500  -1.869  18.192 0.2222222239
109536  -28.426  -2.397  17.703 0.1111111119
107639  -29.790  -4.325  16.417 0.1111111119
108598  -29.449  -3.356  16.506 0.1111111119
111411  -21.438  0.101  17.780 0.4444444478
112363  -21.047  0.677  17.660 0.4444444478
111412  -22.031  -0.478  17.951 0.4444444478
112342  -22.598  0.492  18.463 0.4444444478
112343  -23.663  0.377  18.818 0.4444444478
112344  -24.724  0.278  18.715 0.4444444478
111415  -25.422  -0.484  18.832 0.2222222239
112346  -26.371  -0.148  18.227 0.2222222239
110508  -27.260  -1.013  17.766 0.2222222239
110521  -27.433  -1.039  16.947 0.2222222239
110522  -27.981  -1.525  16.577 0.2222222239
116096  -24.422  4.099  15.172 0.1111111119
113319  -25.669  1.227  15.545 0.1111111119
110529  -27.678  -1.399  15.717 0.1111111119
110504  -19.312  -1.313  17.891 0.4444444478
111425  -19.288  -0.146  18.080 0.4444444478
111426  -19.826  -0.325  17.465 0.4444444478
112362  -20.251  0.675  17.347 0.4444444478
113271  -21.461  1.366  17.740 0.4444444478
113272  -22.192  1.463  18.181 0.4444444478
113273  -23.108  1.456  18.701 0.4444444478
113274  -24.160  1.390  18.640 0.4444444478
115168  -21.221  3.296  17.788 0.3333333433
114188  -25.234  1.926  17.740 0.1111111119
113294  -25.658  1.099  17.576 0.1111111119
113307  -26.108  0.946  16.659 0.1111111119
149164  -26.759  -0.342  17.805 0.2222222239
113308  -26.516  0.231  17.241 0.1111111119
112381  -26.314  0.467  15.742 0.1111111119
110486  -18.951  -0.709  18.371 0.2222222239
113292  -19.794  1.693  17.326 0.3333333433
114184  -21.591  2.362  17.793 0.3333333433
114185  -22.591  2.462  18.428 0.4444444478
115149  -22.123  3.512  18.031 0.2222222239
115150  -23.159  3.432  18.447 0.2222222239
114187  -24.606  2.379  18.185 0.2222222239
114206  -25.060  2.651  17.504 0.1111111119
116053  -22.793  4.310  18.108 0.1111111119
116055  -24.317  3.971  17.949 0.1111111119
115170  -25.404  2.568  16.439 0.1111111119
116054  -23.735  4.235  18.119 0.1111111119
116072  -24.239  4.501  17.128 0.1111111119
115169  -25.045  3.283  16.685 0.1111111119
112361  -19.493  0.740  17.608 0.3333333433
113270  -19.056  1.789  18.701 0.3333333433
113291  -19.300  1.733  17.875 0.3333333433
114204  -20.140  2.641  17.352 0.3333333433
114205  -20.793  2.706  17.520 0.3333333433
116069  -21.367  4.409  17.768 0.1111111119
116071  -23.280  5.103  17.609 0.1111111119
116087  -24.595  4.359  15.939 0.1111111119
116949  -23.712  5.901  14.924 0.1111111119
113248  -19.375  1.701  20.492 0.1111111119
114166  -19.415  2.598  20.327 0.1111111119
114174  -19.224  2.733  19.183 0.2222222239
115139  -19.267  3.672  18.586 0.2222222239
114203  -19.572  2.653  17.616 0.3333333433
115148  -19.360  3.612  17.808 0.3333333433
116067  -19.643  4.533  17.552 0.2222222239
116922  -20.107  5.493  17.545 0.1111111119
116923  -20.885  5.502  17.658 0.1111111119
116070  -22.321  5.061  17.860 0.1111111119
116925  -22.610  6.369  17.179 0.1111111119
116926  -23.579  5.756  16.716 0.1111111119
115197  -24.497  3.345  14.847 0.1111111119
114159  -19.800  2.828  21.227 0.1111111119
115130  -19.819  3.885  20.371 0.1111111119
116890  -19.962  5.288  19.561 0.1111111119
116903  -19.658  5.387  18.928 0.1111111119
116051  -19.258  4.565  18.031 0.2222222239
117764  -19.634  6.209  18.476 0.1111111119
116911  -19.456  5.441  18.266 0.1111111119
118599  -19.404  6.947  18.118 0.1111111119
117773  -19.935  6.373  17.545 0.1111111119
117788  -19.729  7.009  17.394 0.1111111119
117774  -20.664  6.619  17.463 0.1111111119
116026  -20.909  4.523  20.875 0.1111111119
115120  -21.170  3.638  21.498 0.1111111119
116891  -20.331  5.331  20.026 0.1111111119
117746  -20.367  6.186  19.883 0.1111111119
117745  -20.195  5.714  19.649 0.1111111119
118582  -20.371  7.232  19.896 0.1111111119
118592  -19.563  6.953  18.740 0.1111111119
116893  -21.599  5.802  20.608 0.1111111119
116881  -22.167  5.201  20.960 0.1111111119
117748  -21.862  6.629  20.384 0.1111111119
97297  -26.404  -14.268  14.182 0.1111111119
99499  -26.275  -13.127  13.852 0.1111111119
99512  -26.677  -13.175  13.338 0.1111111119
101629  -28.005  -10.611  14.046 0.1111111119
102617  -28.690  -10.168  14.714 0.1111111119
105714  -30.017  -6.582  15.751 0.1111111119
110479  -24.504  -0.787  18.980 0.4444444478
111416  -26.309  -0.519  18.539 0.3333333433
110509  -27.701  -1.471  17.611 0.2222222239
110510  -28.370  -1.815  17.207 0.1111111119
109551  -28.728  -2.407  16.720 0.1111111119
107657  -29.897  -4.662  15.124 0.1111111119
112341  -21.785  0.609  17.962 0.4444444478
112382  -27.063  -0.464  16.384 0.2222222239
114207  -25.635  2.146  17.015 0.1111111119
114220  -25.579  1.997  16.122 0.1111111119
112395  -26.513  -0.099  15.304 0.1111111119
113293  -20.712  1.727  17.349 0.3333333433
115184  -24.867  3.500  15.649 0.1111111119
116044  -19.378  4.608  18.800 0.2222222239
116921  -19.631  5.459  17.781 0.1111111119
116036  -20.510  4.844  20.423 0.1111111119
117758  -19.924  6.873  19.403 0.1111111119
118608  -19.570  7.456  17.555 0.1111111119
118583  -21.232  7.596  20.218 0.1111111119
116894  -22.331  5.894  20.587 0.1111111119
99514  -28.131  -12.997  13.018 0.1111111119
99513  -27.322  -13.312  13.160 0.1111111119
102604  -28.742  -10.116  15.633 0.2222222239
104692  -29.065  -8.097  17.596 0.2222222239
114186  -23.642  2.444  18.606 0.2222222239
115119  -20.268  3.774  20.926 0.1111111119
116892  -20.835  5.491  20.507 0.1111111119
117747  -20.972  6.520  20.397 0.1111111119
99501  -27.906  -13.198  13.969 0.1111111119
97287  -26.147  -14.741  14.539 0.1111111119
99502  -28.693  -12.592  13.707 0.1111111119
99522  -28.249  -12.539  12.419 0.1111111119
99529  -27.888  -12.302  12.144 0.1111111119
99530  -28.363  -12.318  11.824 0.1111111119
101643  -27.900  -11.849  12.018 0.1111111119
101636  -28.478  -10.701  12.957 0.1111111119
101635  -27.697  -11.565  12.453 0.1111111119
101637  -29.336  -10.274  12.781 0.1111111119
102634  -29.702  -9.596  12.492 0.1111111119
104735  -29.711  -7.555  14.189 0.1111111119
105724  -29.953  -6.575  14.713 0.1111111119
108622  -29.402  -3.816  14.433 0.1111111119
106685  -29.839  -5.552  14.338 0.1111111119
110503  -18.963  -1.904  18.149 0.4444444478
108631  -28.735  -3.409  13.576 0.1111111119
149152  -27.992  -2.196  13.884 0.1111111119
111410  -18.996  -0.098  18.936 0.2222222239
112340  -19.125  0.823  18.330 0.2222222239
111450  -26.299  -0.351  14.491 0.1111111119
112319  -19.430  1.072  20.168 0.1111111119
114243  -24.538  2.460  14.400 0.1111111119
115210  -24.132  3.440  13.917 0.1111111119
112315  -19.451  1.169  20.928 0.1111111119
113237  -19.744  1.495  21.871 0.1111111119
114160  -20.437  2.959  21.921 0.1111111119
113245  -20.645  2.029  22.028 0.1111111119
116959  -24.051  4.884  14.462 0.1111111119
114161  -21.580  2.428  21.972 0.1111111119
114162  -22.847  2.767  21.952 0.1111111119
119378  -19.697  8.174  16.977 0.1111111119
118623  -20.978  8.285  16.342 0.1111111119
149202  -22.553  7.428  16.249 0.1111111119
149201  -22.649  7.645  14.964 0.1111111119
115121  -22.235  3.531  21.581 0.1111111119
116028  -22.740  4.443  21.318 0.1111111119
118594  -20.602  8.109  19.605 0.1111111119
119363  -20.506  9.065  18.745 0.1111111119
102594  -29.144  -9.404  15.995 0.1111111119
108580  -29.068  -3.313  17.306 0.1111111119
112329  -24.218  -0.087  18.917 0.4444444478
99479  -26.512  -12.780  14.786 0.1111111119
100580  -26.591  -12.002  13.474 0.1111111119
99521  -27.543  -12.693  12.536 0.1111111119
100602  -27.570  -12.101  12.207 0.1111111119
102605  -29.201  -9.407  15.267 0.1111111119
103635  -29.525  -8.623  13.785 0.1111111119
103624  -29.614  -8.565  14.828 0.1111111119
106676  -30.043  -5.780  15.202 0.1111111119
108597  -29.157  -2.924  16.671 0.1111111119
107665  -29.575  -4.650  14.035 0.1111111119
113275  -25.080  1.254  18.223 0.2222222239
112345  -25.919  0.318  18.171 0.2222222239
113295  -26.110  0.622  17.552 0.1111111119
109561  -28.578  -2.397  15.389 0.1111111119
115198  -24.946  2.926  15.308 0.1111111119
115185  -25.339  2.822  15.875 0.1111111119
114231  -25.211  2.227  15.141 0.1111111119
112394  -25.812  0.437  14.894 0.1111111119
109571  -28.550  -2.783  14.411 0.1111111119
149158  -27.250  -1.041  15.369 0.2222222239
115151  -24.097  3.362  18.331 0.2222222239
115152  -24.616  3.389  17.678 0.1111111119
112328  -19.209  0.937  19.263 0.1111111119
114183  -19.243  2.699  18.232 0.3333333433
115167  -20.551  3.516  17.499 0.2222222239
116924  -21.727  5.581  17.721 0.1111111119
116941  -23.998  5.447  15.885 0.1111111119
116950  -24.206  4.953  14.971 0.1111111119
116940  -23.181  6.951  15.450 0.1111111119
112311  -19.328  0.677  21.874 0.1111111119
113243  -19.509  1.826  21.283 0.1111111119
113257  -19.191  1.806  19.688 0.1111111119
115129  -19.453  3.792  19.704 0.1111111119
115166  -19.823  3.572  17.370 0.3333333433
116068  -20.328  4.501  17.449 0.1111111119
117772  -19.603  6.421  17.862 0.1111111119
117775  -21.507  6.353  17.459 0.1111111119
118610  -21.657  7.419  16.821 0.1111111119
115118  -19.728  3.388  20.541 0.1111111119
113244  -19.952  2.136  21.909 0.1111111119
116034  -19.603  4.742  19.456 0.1111111119
116035  -19.980  4.534  20.186 0.1111111119
117757  -19.965  6.088  19.190 0.1111111119
118600  -19.459  7.726  18.080 0.1111111119
117789  -20.127  7.190  17.175 0.1111111119
118622  -20.243  7.941  16.813 0.1111111119
117790  -20.700  7.546  16.970 0.1111111119
116027  -21.765  4.426  21.240 0.1111111119
116880  -21.440  5.101  20.875 0.1111111119
118593  -19.960  7.839  18.919 0.1111111119
97298  -26.669  -14.221  13.910 0.1111111119
108610  -29.060  -2.848  15.185 0.1111111119
149154  -27.058  -1.110  14.867 0.1111111119
149160  -26.859  -1.132  14.286 0.1111111119
118609  -19.575  8.223  17.417 0.1111111119
119353  -21.832  8.185  20.016 0.1111111119
99515  -28.778  -12.494  12.958 0.1111111119
102626  -29.356  -9.736  13.377 0.1111111119
103641  -29.756  -8.831  12.987 0.1111111119
108632  -29.279  -4.085  13.771 0.1111111119
149156  -27.209  -1.605  13.668 0.1111111119
112405  -25.467  0.700  14.107 0.1111111119
111394  -19.257  0.606  20.791 0.1111111119
113340  -25.102  1.159  13.993 0.1111111119
119388  -20.171  8.689  16.469 0.1111111119
119371  -19.701  8.839  17.756 0.1111111119
75152  -17.613  -34.240  18.891 0.2222222239
94044  -14.575  -17.748  19.102 0.2222222239
95087  -14.136  -16.551  19.433 0.2222222239
92972  -14.689  -18.859  19.062 0.3333333433
109547  -18.829  -3.086  17.561 0.3333333433
108575  -18.458  -3.588  17.805 0.2222222239
110485  -18.881  -1.365  18.924 0.1111111119
106579  -13.194  -5.807  20.488 0.2222222239
91858  -14.564  -19.662  19.290 0.2222222239
105618  -12.596  -6.367  20.685 0.1111111119
107578  -15.066  -4.505  19.816 0.1111111119
108558  -18.827  -3.605  18.247 0.1111111119
109512  -19.075  -2.446  19.226 0.1111111119
108544  -17.011  -4.092  18.580 0.1111111119
90793  -14.394  -20.467  19.513 0.2222222239
98296  -13.037  -12.779  20.271 0.2222222239
108557  -17.747  -3.854  18.175 0.1111111119
99377  -12.537  -12.155  20.220 0.3333333433
109530  -18.942  -2.625  18.230 0.3333333433
107579  -16.336  -4.586  19.382 0.1111111119
108545  -17.848  -4.127  18.707 0.1111111119
75136  -17.311  -34.822  19.129 0.1111111119
75153  -18.229  -34.229  18.942 0.1111111119
73999  -18.817  -35.138  19.437 0.1111111119
75134  -15.613  -34.293  19.778 0.1111111119
76339  -16.063  -33.409  19.358 0.1111111119
77523  -15.741  -32.381  19.188 0.1111111119
78666  -15.041  -31.470  19.406 0.1111111119
87698  -13.872  -22.757  19.779 0.1111111119
95086  -13.752  -16.516  20.044 0.1111111119
94043  -14.113  -17.586  19.829 0.1111111119
102508  -11.647  -9.578  20.372 0.2222222239
102524  -11.382  -9.024  20.197 0.2222222239
102507  -11.164  -8.966  20.528 0.2222222239
103508  -11.037  -8.523  21.128 0.2222222239
73983  -15.526  -35.343  20.112 0.1111111119
73997  -17.044  -35.430  19.299 0.1111111119
73998  -17.886  -35.241  19.140 0.1111111119
75120  -15.202  -34.739  20.206 0.1111111119
76338  -15.356  -33.254  19.653 0.1111111119
77522  -14.924  -32.428  19.723 0.1111111119
79835  -14.455  -30.536  19.832 0.1111111119
81021  -14.873  -29.509  19.453 0.1111111119
87699  -14.193  -23.512  20.025 0.1111111119
88761  -13.627  -21.928  19.807 0.1111111119
91857  -14.311  -19.795  19.674 0.1111111119
94025  -13.846  -17.416  20.405 0.1111111119
102488  -11.744  -9.710  20.890 0.2222222239
103495  -10.538  -7.784  21.870 0.2222222239
105615  -10.257  -6.900  21.705 0.1111111119
75121  -19.850  -34.683  20.097 0.1111111119
103507  -10.747  -7.873  21.306 0.2222222239
104627  -11.211  -7.442  21.049 0.1111111119
89802  -14.355  -21.193  19.346 0.1111111119
101524  -12.110  -10.448  20.556 0.2222222239
96121  -13.830  -15.539  19.751 0.1111111119
87714  -14.603  -23.121  19.515 0.1111111119
82150  -14.599  -28.588  19.675 0.1111111119
83280  -14.463  -27.732  19.875 0.1111111119
84404  -14.973  -26.698  19.594 0.1111111119
86649  -15.013  -24.358  19.241 0.1111111119
76352  -16.690  -33.343  19.045 0.1111111119
75135  -16.699  -34.344  19.242 0.1111111119
74010  -18.019  -34.624  18.952 0.1111111119
92971  -14.274  -18.820  19.594 0.1111111119
88776  -14.203  -22.068  19.332 0.1111111119
87713  -14.016  -22.630  19.491 0.1111111119
91832  -14.098  -19.548  19.983 0.1111111119
73996  -16.255  -35.340  19.650 0.1111111119
75133  -15.112  -33.747  19.886 0.1111111119
102474  -11.301  -9.126  21.265 0.1111111119
78665  -14.472  -31.633  19.979 0.1111111119
86637  -14.638  -24.304  19.816 0.1111111119
88762  -13.977  -21.597  19.527 0.1111111119
104598  -9.901  -7.164  22.802 0.1111111119
106565  -10.070  -6.018  22.317 0.1111111119
100445  -12.214  -11.310  20.892 0.1111111119
106578  -12.515  -5.739  21.011 0.1111111119
107576  -13.709  -5.207  20.350 0.1111111119
107594  -14.789  -4.956  19.358 0.1111111119
74011  -18.336  -34.688  19.104 0.1111111119
75138  -19.460  -34.347  19.608 0.1111111119
75151  -17.056  -33.821  18.891 0.1111111119
78667  -19.713  -31.977  19.088 0.3333333433
79853  -20.014  -30.172  18.639 0.3333333433
79863  -18.119  -29.649  17.710 0.3333333433
81037  -20.850  -28.967  18.577 0.3333333433
82185  -20.159  -27.930  16.836 0.3333333433
83313  -20.852  -27.230  17.451 0.3333333433
84443  -21.878  -26.125  17.880 0.2222222239
84454  -20.484  -26.321  16.779 0.4444444478
85574  -14.809  -26.098  19.393 0.2222222239
85620  -20.769  -25.306  16.144 0.4444444478
86667  -23.162  -24.224  18.008 0.1111111119
86681  -19.806  -25.077  16.132 0.4444444478
87717  -24.167  -23.129  18.820 0.1111111119
87761  -19.291  -23.558  15.859 0.4444444478
88775  -13.780  -22.373  19.558 0.1111111119
88779  -24.267  -22.560  18.323 0.1111111119
88808  -22.725  -22.826  16.144 0.3333333433
91883  -15.173  -19.150  18.132 0.5555555820
95188  -19.465  -15.948  15.252 1.0000000000
96227  -19.263  -15.325  14.982 1.0000000000
97219  -22.407  -14.283  17.333 0.6666666865
97236  -15.340  -14.464  17.232 0.8888888955
97241  -24.610  -15.046  17.332 0.4444444478
98337  -25.274  -13.849  17.392 0.4444444478
98410  -26.442  -13.776  13.779 0.1111111119
99429  -14.932  -12.663  17.955 0.6666666865
99433  -24.826  -12.736  18.044 0.5555555820
99458  -26.804  -12.247  15.610 0.2222222239
99475  -16.084  -12.595  15.947 0.8888888955
99500  -27.352  -13.708  13.658 0.1111111119
100516  -23.388  -11.417  17.480 0.6666666865
100541  -27.748  -11.120  15.596 0.2222222239
100557  -16.293  -11.734  15.663 0.8888888955
100561  -26.387  -12.411  14.002 0.1111111119
100575  -18.444  -11.484  14.626 0.8888888955
100578  -20.432  -11.588  15.116 0.8888888955
100591  -26.666  -12.530  12.990 0.1111111119
100593  -29.309  -12.320  13.512 0.1111111119
100603  -27.971  -11.937  11.768 0.1111111119
100611  -27.970  -12.105  11.812 0.1111111119
101559  -27.109  -10.553  18.078 0.5555555820
101577  -22.894  -10.426  17.247 0.7777777910
101580  -25.532  -10.583  18.251 0.6666666865
101597  -16.208  -10.133  15.954 1.0000000000
101598  -21.805  -10.401  16.384 0.8888888955
101600  -27.895  -11.164  16.462 0.2222222239
101613  -20.961  -10.181  15.525 0.7777777910
101615  -27.493  -11.070  14.289 0.1111111119
101625  -18.847  -10.551  14.399 0.8888888955
102487  -11.240  -9.244  20.790 0.2222222239
102545  -26.840  -9.577  18.367 0.5555555820
102569  -24.014  -9.334  17.601 0.6666666865
102572  -27.910  -9.957  17.738 0.5555555820
102593  -28.801  -9.716  16.505 0.2222222239
102601  -20.663  -9.492  15.312 0.8888888955
102612  -16.792  -9.923  15.130 1.0000000000
102618  -29.198  -9.458  14.325 0.1111111119
102625  -28.741  -10.151  13.891 0.1111111119
103527  -10.930  -7.805  21.068 0.2222222239
103545  -11.541  -8.792  20.048 0.2222222239
103567  -26.195  -8.504  18.403 0.5555555820
103570  -28.719  -8.644  17.801 0.5555555820
103592  -29.529  -8.059  16.698 0.2222222239
103606  -15.891  -8.521  16.292 1.0000000000
103607  -16.236  -9.030  15.952 1.0000000000
103610  -29.193  -9.100  16.415 0.1111111119
103623  -22.124  -8.484  16.299 0.8888888955
103632  -18.923  -8.724  14.588 0.8888888955
104610  -10.126  -7.345  21.816 0.1111111119
104626  -10.679  -7.414  21.457 0.2222222239
104628  -11.721  -7.467  20.553 0.3333333433
104667  -25.601  -7.518  18.307 0.6666666865
104670  -28.712  -7.519  18.076 0.2222222239
104671  -29.203  -6.949  17.815 0.3333333433
104710  -22.014  -7.200  16.471 0.8888888955
104712  -22.953  -7.581  17.024 0.7777777910
104720  -16.461  -7.493  15.714 0.8888888955
104722  -20.695  -7.467  15.541 0.8888888955
104731  -17.826  -7.783  14.998 0.8888888955
105599  -9.755  -6.604  22.269 0.1111111119
105600  -10.410  -6.300  21.891 0.1111111119
105617  -11.759  -6.553  21.045 0.1111111119
105658  -28.190  -6.509  18.618 0.4444444478
105671  -15.105  -6.569  17.510 0.6666666865
105675  -22.985  -6.649  17.291 0.6666666865
105678  -29.508  -6.381  17.562 0.1111111119
105707  -15.672  -6.613  16.178 0.7777777910
105709  -16.952  -6.764  15.534 0.7777777910
105711  -19.502  -6.484  14.757 0.7777777910
105722  -19.233  -6.981  14.541 0.8888888955
106567  -11.734  -5.526  21.446 0.1111111119
106614  -24.739  -5.594  18.268 0.5555555820
106617  -27.716  -5.498  18.849 0.4444444478
106632  -22.770  -5.824  17.306 0.6666666865
106635  -29.766  -5.437  17.088 0.1111111119
106655  -17.409  -5.309  15.774 0.7777777910
106657  -21.750  -5.901  16.573 0.6666666865
106670  -16.438  -6.011  15.710 0.7777777910
106674  -20.405  -5.737  15.756 0.6666666865
106683  -18.844  -6.374  14.692 0.7777777910
106684  -19.242  -6.401  14.685 0.7777777910
107562  -13.212  -5.126  21.039 0.1111111119
107577  -14.261  -4.863  19.953 0.1111111119
107612  -22.313  -5.127  17.320 0.6666666865
107616  -29.406  -4.441  17.450 0.3333333433
107637  -21.372  -5.041  16.663 0.6666666865
108579  -23.904  -4.265  18.325 0.6666666865
108581  -29.514  -3.829  16.961 0.1111111119
108611  -29.430  -3.252  15.476 0.1111111119
108621  -28.984  -3.067  14.738 0.1111111119
109519  -28.018  -2.751  18.284 0.3333333433
109535  -27.846  -2.160  18.115 0.3333333433
109552  -29.191  -2.752  16.072 0.1111111119
109560  -27.537  -1.556  14.821 0.1111111119
109562  -29.097  -2.776  15.640 0.1111111119
111404  -23.843  -0.492  18.946 0.4444444478
111405  -24.331  -0.484  18.938 0.4444444478
111414  -24.710  -0.487  18.904 0.4444444478
111461  -25.820  0.118  14.185 0.1111111119
112330  -24.496  -0.189  18.861 0.4444444478
112364  -25.886  0.677  17.773 0.1111111119
113329  -24.777  1.838  14.371 0.1111111119
113330  -25.236  1.422  14.543 0.1111111119
114230  -24.775  2.727  14.953 0.1111111119
114244  -24.911  1.966  14.645 0.1111111119
116025  -20.430  4.398  20.585 0.1111111119
116052  -22.144  4.318  17.942 0.1111111119
116104  -23.796  4.766  13.918 0.1111111119
116105  -24.107  4.395  14.253 0.1111111119
116958  -23.743  5.270  14.137 0.1111111119
118621  -19.822  7.650  17.092 0.1111111119
119387  -19.943  8.134  16.843 0.1111111119
149155  -27.417  -1.595  14.166 0.1111111119
149157  -27.230  -0.808  16.872 0.2222222239
149159  -26.896  -0.996  14.735 0.1111111119
149161  -26.837  -0.749  15.071 0.1111111119
149162  -27.403  -1.122  17.562 0.2222222239
149163  -27.257  -0.893  17.284 0.2222222239
149165  -26.357  0.236  17.718 0.1111111119
